# Created by Octave 4.4.1, Wed Aug 07 18:48:00 2019 CEST <magnus@XPS-13>
# name: ign_master
# type: matrix
# rows: 20
# columns: 16
 40.5 40 40 39.5 38.5 36.5 33 30 29 27 26.5 25.5 24.5 23.5 21.5 18
 40.5 40 40 39.5 38.5 36.5 33 31 29 27 26.5 25.5 24.5 23.5 21.5 18
 40.5 40 40 39.5 38.5 36.5 33 31 29 27 26.5 25.5 24.5 23.5 21.5 18
 40.5 40 40 39.5 38.5 36.5 33 31 29 27 26.5 25.5 24.5 23.5 21.5 18
 40.5 40 40 39.5 38.5 36.5 33 31 29 27 26.5 25.5 24.5 23.5 21.5 18
 40 39.5 39.5 39 38 36.5 33 31 29 27 26.5 25.5 24.5 23.5 21.5 18
 39.5 39 39 38.5 37.5 36 32.5 30.5 28.5 26.5 26 25 24.5 23.5 21.5 18
 38.5 38 38 37.5 36.5 35 31.5 30 28 26 25.5 24.5 24 23 21 18
 38.5 38 38 37.5 36.5 34.5 31 28.5 26.5 25 24.5 23.5 23 22 20 18
 37 36.5 36.5 36.5 35.5 34 30 28 25.5 23.5 23 22.5 22 21.5 19.5 17.5
 36.5 36 36 36 35 33 28.5 26.5 25 23 22.5 22 21.5 20.5 19 17
 35.5 35 35 35 34 32.5 27.5 25.5 24.5 22.5 22 21.5 21 20 18.5 17
 33 33 34 34 33.5 31.5 27 24.5 23.5 22 21.5 21 20.5 19 18 16.5
 30 30 31 32 31.5 30 26 24 23 21.5 21 20.5 19.5 18.5 17.5 16.5
 28.5 28.5 29.5 30.5 30 28 25 23.5 23 21.5 20.5 20 19 18 17.5 16.5
 26.5 26.5 26.5 27.5 27.5 27 24 22.5 22 20.5 19.5 18.5 18 17 16.5 16
 18 18 21 22 22 22 21 21 20.5 19.5 18.5 17.5 17 16.5 16 15
 15 15 18 20 20.5 20.5 19.5 19.5 19 18.5 17.5 17 16.5 15.5 15 14.5
 15 15 17 18 19 18 17 17 17 16 16 16 15.5 15 14.5 14
 15 15 16 17 18 17 16 16 16 15 15 15 15 15 14 14


