# Created by Octave 4.4.1, Wed Aug 07 18:47:53 2019 CEST <magnus@XPS-13>
# name: ign_Link
# type: matrix
# rows: 16
# columns: 16
 15 15 15 15 15 15 15 15 15 15 15 15 35 35 35 35
 20 20 20 20 24 27.5 30 30.5 32.5 35 35 35 35 35 35 35
 20 20 20 20 23.5 27 28.5 30.5 32.5 35 35 35 35 35 35 35
 20 20 20 20 23.5 26.5 27 30.5 32.5 35 35 35 35 35 35 35
 20 20 20 20 23.5 26.5 27 30.5 32.5 35 35 35 35 35 35 35
 20 20 20 20 23.5 26.5 27 30.5 32.5 35 35 35 35 35 35 35
 20 20 20 20 23.5 26.5 27 30.5 32.5 35 35 35 35 35 35 35
 11.5 13.5 16.5 20 21.5 22.5 25 27 31 35 35 35 35 35 35 35
 11 13 16 19.5 18 20 24 26 28.5 31 31 31 31 31 31 31
 3.5 5.5 8.5 12 14.5 18 23.5 25 26.5 26.5 27.5 28.5 29 29 29 29
 0.5 2.5 5.5 9 13 16 20.5 23.5 24.5 25 27 28.5 28.5 29 29 29
 0 0 0 0 0 7.5 18 21 22.5 24.5 26 27.5 27.5 27.5 28 28
 0 0 0 0 0 3 13 18.699999999999999 21.5 24 25.5 27 27 27.5 28 28
 0 0 0 0 0 3 13 16.5 19 23 24 25.5 25.5 26 26.5 27
 0 0 0 0 0 0 0 0 0 0 0 0 0 0 0 0
 0 0 0 0 0 0 0 0 0 0 0 0 0 0 0 0


