# Created by Octave 4.4.1, Thu Aug 08 10:46:35 2019 CEST <magnus@XPS-13>
# name: MAP_Link
# type: matrix
# rows: 1
# columns: 16
 0 30 35 40 45 50 60 80 100 120 140 160 180 200 220 240


# name: MAP_Master
# type: matrix
# rows: 1
# columns: 16
 25 30 35 40 60 80 100 113 127 140 153 167 180 193 207 220


# name: ign_Link
# type: matrix
# rows: 16
# columns: 16
 15 15 15 15 15 15 15 15 15 15 15 15 35 35 35 35
 20 20 20 20 24 27.5 30 30.5 32.5 35 35 35 35 35 35 35
 20 20 20 20 23.5 27 28.5 30.5 32.5 35 35 35 35 35 35 35
 20 20 20 20 23.5 26.5 27 30.5 32.5 35 35 35 35 35 35 35
 20 20 20 20 23.5 26.5 27 30.5 32.5 35 35 35 35 35 35 35
 20 20 20 20 23.5 26.5 27 30.5 32.5 35 35 35 35 35 35 35
 20 20 20 20 23.5 26.5 27 30.5 32.5 35 35 35 35 35 35 35
 11.5 13.5 16.5 20 21.5 22.5 25 27 31 35 35 35 35 35 35 35
 11 13 16 19.5 18 20 24 26 28.5 31 31 31 31 31 31 31
 3.5 5.5 8.5 12 14.5 18 23.5 25 26.5 26.5 27.5 28.5 29 29 29 29
 0.5 2.5 5.5 9 13 16 20.5 23.5 24.5 25 27 28.5 28.5 29 29 29
 0 0 0 0 0 7.5 18 21 22.5 24.5 26 27.5 27.5 27.5 28 28
 0 0 0 0 0 3 13 18.699999999999999 21.5 24 25.5 27 27 27.5 28 28
 0 0 0 0 0 3 13 16.5 19 23 24 25.5 25.5 26 26.5 27
 0 0 0 0 0 0 0 0 0 0 0 0 0 0 0 0
 0 0 0 0 0 0 0 0 0 0 0 0 0 0 0 0


# name: ign_Master
# type: matrix
# rows: 20
# columns: 16
 40.5 40 40 39.5 38.5 36.5 33 30 29 27 26.5 25.5 24.5 23.5 21.5 18
 40.5 40 40 39.5 38.5 36.5 33 31 29 27 26.5 25.5 24.5 23.5 21.5 18
 40.5 40 40 39.5 38.5 36.5 33 31 29 27 26.5 25.5 24.5 23.5 21.5 18
 40.5 40 40 39.5 38.5 36.5 33 31 29 27 26.5 25.5 24.5 23.5 21.5 18
 40.5 40 40 39.5 38.5 36.5 33 31 29 27 26.5 25.5 24.5 23.5 21.5 18
 40 39.5 39.5 39 38 36.5 33 31 29 27 26.5 25.5 24.5 23.5 21.5 18
 39.5 39 39 38.5 37.5 36 32.5 30.5 28.5 26.5 26 25 24.5 23.5 21.5 18
 38.5 38 38 37.5 36.5 35 31.5 30 28 26 25.5 24.5 24 23 21 18
 38.5 38 38 37.5 36.5 34.5 31 28.5 26.5 25 24.5 23.5 23 22 20 18
 37 36.5 36.5 36.5 35.5 34 30 28 25.5 23.5 23 22.5 22 21.5 19.5 17.5
 36.5 36 36 36 35 33 28.5 26.5 25 23 22.5 22 21.5 20.5 19 17
 35.5 35 35 35 34 32.5 27.5 25.5 24.5 22.5 22 21.5 21 20 18.5 17
 33 33 34 34 33.5 31.5 27 24.5 23.5 22 21.5 21 20.5 19 18 16.5
 30 30 31 32 31.5 30 26 24 23 21.5 21 20.5 19.5 18.5 17.5 16.5
 28.5 28.5 29.5 30.5 30 28 25 23.5 23 21.5 20.5 20 19 18 17.5 16.5
 26.5 26.5 26.5 27.5 27.5 27 24 22.5 22 20.5 19.5 18.5 18 17 16.5 16
 18 18 21 22 22 22 21 21 20.5 19.5 18.5 17.5 17 16.5 16 15
 15 15 18 20 20.5 20.5 19.5 19.5 19 18.5 17.5 17 16.5 15.5 15 14.5
 15 15 17 18 19 18 17 17 17 16 16 16 15.5 15 14.5 14
 15 15 16 17 18 17 16 16 16 15 15 15 15 15 14 14


# name: rpm_Link
# type: matrix
# rows: 1
# columns: 16
 0 500 750 1000 1250 1500 2000 2500 3000 3500 4000 4500 5000 5500 6000 6500


# name: rpm_Master
# type: matrix
# rows: 1
# columns: 20
 500 750 1000 1250 1500 2000 2500 3000 3500 4000 4500 5000 5500 6000 6500 7000 7500 8000 8500 9000


